Inst ID,Total FI,Total SDC,SDC Rate,Crash Rate,Masking Rate,FI Reg Width,Bit FI Count,SDC Count for Bit
1,0,0,0.0,0.0,0.0,0,[],[]
2,0,0,0.0,0.0,0.0,0,[],[]
3,0,0,0.0,0.0,0.0,0,[],[]
4,0,0,0.0,0.0,0.0,0,[],[]
5,0,0,0.0,0.0,0.0,0,[],[]
6,0,0,0.0,0.0,0.0,0,[],[]
7,0,0,0.0,0.0,0.0,0,[],[]
8,0,0,0.0,0.0,0.0,0,[],[]
9,0,0,0.0,0.0,0.0,0,[],[]
10,0,0,0.0,0.0,0.0,0,[],[]
11,0,0,0.0,0.0,0.0,0,[],[]
12,0,0,0.0,0.0,0.0,0,[],[]
13,0,0,0.0,0.0,0.0,0,[],[]
14,0,0,0.0,0.0,0.0,0,[],[]
15,0,0,0.0,0.0,0.0,0,[],[]
16,0,0,0.0,0.0,0.0,0,[],[]
17,0,0,0.0,0.0,0.0,0,[],[]
18,0,0,0.0,0.0,0.0,0,[],[]
19,0,0,0.0,0.0,0.0,0,[],[]
20,0,0,0.0,0.0,0.0,0,[],[]
21,0,0,0.0,0.0,0.0,0,[],[]
22,0,0,0.0,0.0,0.0,0,[],[]
23,0,0,0.0,0.0,0.0,0,[],[]
24,0,0,0.0,0.0,0.0,0,[],[]
25,0,0,0.0,0.0,0.0,0,[],[]
26,0,0,0.0,0.0,0.0,0,[],[]
27,0,0,0.0,0.0,0.0,0,[],[]
28,0,0,0.0,0.0,0.0,0,[],[]
29,0,0,0.0,0.0,0.0,0,[],[]
30,0,0,0.0,0.0,0.0,0,[],[]
31,0,0,0.0,0.0,0.0,0,[],[]
32,0,0,0.0,0.0,0.0,0,[],[]
33,0,0,0.0,0.0,0.0,0,[],[]
34,0,0,0.0,0.0,0.0,0,[],[]
35,0,0,0.0,0.0,0.0,0,[],[]
36,0,0,0.0,0.0,0.0,0,[],[]
37,0,0,0.0,0.0,0.0,0,[],[]
38,0,0,0.0,0.0,0.0,0,[],[]
39,0,0,0.0,0.0,0.0,0,[],[]
40,0,0,0.0,0.0,0.0,0,[],[]
41,0,0,0.0,0.0,0.0,0,[],[]
42,0,0,0.0,0.0,0.0,0,[],[]
43,0,0,0.0,0.0,0.0,0,[],[]
44,0,0,0.0,0.0,0.0,0,[],[]
45,0,0,0.0,0.0,0.0,0,[],[]
46,0,0,0.0,0.0,0.0,0,[],[]
47,0,0,0.0,0.0,0.0,0,[],[]
48,0,0,0.0,0.0,0.0,0,[],[]
49,0,0,0.0,0.0,0.0,0,[],[]
50,0,0,0.0,0.0,0.0,0,[],[]
51,0,0,0.0,0.0,0.0,0,[],[]
52,0,0,0.0,0.0,0.0,0,[],[]
53,0,0,0.0,0.0,0.0,0,[],[]
54,0,0,0.0,0.0,0.0,0,[],[]
55,0,0,0.0,0.0,0.0,0,[],[]
56,0,0,0.0,0.0,0.0,0,[],[]
57,0,0,0.0,0.0,0.0,0,[],[]
58,0,0,0.0,0.0,0.0,0,[],[]
59,0,0,0.0,0.0,0.0,0,[],[]
60,0,0,0.0,0.0,0.0,0,[],[]
61,0,0,0.0,0.0,0.0,0,[],[]
62,0,0,0.0,0.0,0.0,0,[],[]
63,0,0,0.0,0.0,0.0,0,[],[]
64,0,0,0.0,0.0,0.0,0,[],[]
65,0,0,0.0,0.0,0.0,0,[],[]
66,0,0,0.0,0.0,0.0,0,[],[]
67,0,0,0.0,0.0,0.0,0,[],[]
68,0,0,0.0,0.0,0.0,0,[],[]
69,0,0,0.0,0.0,0.0,0,[],[]
70,0,0,0.0,0.0,0.0,0,[],[]
71,0,0,0.0,0.0,0.0,0,[],[]
72,0,0,0.0,0.0,0.0,0,[],[]
73,0,0,0.0,0.0,0.0,0,[],[]
74,0,0,0.0,0.0,0.0,0,[],[]
75,0,0,0.0,0.0,0.0,0,[],[]
76,0,0,0.0,0.0,0.0,0,[],[]
77,0,0,0.0,0.0,0.0,0,[],[]
78,0,0,0.0,0.0,0.0,0,[],[]
79,0,0,0.0,0.0,0.0,0,[],[]
80,0,0,0.0,0.0,0.0,0,[],[]
81,0,0,0.0,0.0,0.0,0,[],[]
82,0,0,0.0,0.0,0.0,0,[],[]
83,0,0,0.0,0.0,0.0,0,[],[]
84,0,0,0.0,0.0,0.0,0,[],[]
85,0,0,0.0,0.0,0.0,0,[],[]
86,0,0,0.0,0.0,0.0,0,[],[]
87,0,0,0.0,0.0,0.0,0,[],[]
88,0,0,0.0,0.0,0.0,0,[],[]
89,0,0,0.0,0.0,0.0,0,[],[]
90,0,0,0.0,0.0,0.0,0,[],[]
91,0,0,0.0,0.0,0.0,0,[],[]
92,0,0,0.0,0.0,0.0,0,[],[]
93,0,0,0.0,0.0,0.0,0,[],[]
94,0,0,0.0,0.0,0.0,0,[],[]
95,0,0,0.0,0.0,0.0,0,[],[]
96,0,0,0.0,0.0,0.0,0,[],[]
97,0,0,0.0,0.0,0.0,0,[],[]
98,0,0,0.0,0.0,0.0,0,[],[]
99,0,0,0.0,0.0,0.0,0,[],[]
100,0,0,0.0,0.0,0.0,0,[],[]
101,0,0,0.0,0.0,0.0,0,[],[]
102,0,0,0.0,0.0,0.0,0,[],[]
103,0,0,0.0,0.0,0.0,0,[],[]
104,0,0,0.0,0.0,0.0,0,[],[]
105,0,0,0.0,0.0,0.0,0,[],[]
106,0,0,0.0,0.0,0.0,0,[],[]
107,0,0,0.0,0.0,0.0,0,[],[]
108,0,0,0.0,0.0,0.0,0,[],[]
109,0,0,0.0,0.0,0.0,0,[],[]
110,0,0,0.0,0.0,0.0,0,[],[]
111,0,0,0.0,0.0,0.0,0,[],[]
112,0,0,0.0,0.0,0.0,0,[],[]
113,0,0,0.0,0.0,0.0,0,[],[]
114,0,0,0.0,0.0,0.0,0,[],[]
115,0,0,0.0,0.0,0.0,0,[],[]
116,0,0,0.0,0.0,0.0,0,[],[]
117,0,0,0.0,0.0,0.0,0,[],[]
118,0,0,0.0,0.0,0.0,0,[],[]
119,0,0,0.0,0.0,0.0,0,[],[]
120,0,0,0.0,0.0,0.0,0,[],[]
121,0,0,0.0,0.0,0.0,0,[],[]
122,0,0,0.0,0.0,0.0,0,[],[]
123,0,0,0.0,0.0,0.0,0,[],[]
124,0,0,0.0,0.0,0.0,0,[],[]
125,0,0,0.0,0.0,0.0,0,[],[]
126,0,0,0.0,0.0,0.0,0,[],[]
127,0,0,0.0,0.0,0.0,0,[],[]
128,0,0,0.0,0.0,0.0,0,[],[]
129,0,0,0.0,0.0,0.0,0,[],[]
130,0,0,0.0,0.0,0.0,0,[],[]
131,0,0,0.0,0.0,0.0,0,[],[]
132,0,0,0.0,0.0,0.0,0,[],[]
133,0,0,0.0,0.0,0.0,0,[],[]
134,0,0,0.0,0.0,0.0,0,[],[]
135,0,0,0.0,0.0,0.0,0,[],[]
136,0,0,0.0,0.0,0.0,0,[],[]
137,0,0,0.0,0.0,0.0,0,[],[]
138,0,0,0.0,0.0,0.0,0,[],[]
139,0,0,0.0,0.0,0.0,0,[],[]
140,0,0,0.0,0.0,0.0,0,[],[]
141,0,0,0.0,0.0,0.0,0,[],[]
142,0,0,0.0,0.0,0.0,0,[],[]
143,0,0,0.0,0.0,0.0,0,[],[]
144,0,0,0.0,0.0,0.0,0,[],[]
145,0,0,0.0,0.0,0.0,0,[],[]
146,0,0,0.0,0.0,0.0,0,[],[]
147,0,0,0.0,0.0,0.0,0,[],[]
148,0,0,0.0,0.0,0.0,0,[],[]
149,0,0,0.0,0.0,0.0,0,[],[]
150,0,0,0.0,0.0,0.0,0,[],[]
151,0,0,0.0,0.0,0.0,0,[],[]
152,0,0,0.0,0.0,0.0,0,[],[]
153,0,0,0.0,0.0,0.0,0,[],[]
154,0,0,0.0,0.0,0.0,0,[],[]
155,0,0,0.0,0.0,0.0,0,[],[]
156,0,0,0.0,0.0,0.0,0,[],[]
157,0,0,0.0,0.0,0.0,0,[],[]
158,0,0,0.0,0.0,0.0,0,[],[]
159,0,0,0.0,0.0,0.0,0,[],[]
160,0,0,0.0,0.0,0.0,0,[],[]
161,0,0,0.0,0.0,0.0,0,[],[]
162,0,0,0.0,0.0,0.0,0,[],[]
163,0,0,0.0,0.0,0.0,0,[],[]
164,0,0,0.0,0.0,0.0,0,[],[]
165,0,0,0.0,0.0,0.0,0,[],[]
166,0,0,0.0,0.0,0.0,0,[],[]
167,0,0,0.0,0.0,0.0,0,[],[]
168,0,0,0.0,0.0,0.0,0,[],[]
169,0,0,0.0,0.0,0.0,0,[],[]
170,8,0,0.0,0.0,100.0,32,"[0, 0, 0, 0, 0, 0, 0, 0, 0, 0, 3, 0, 0, 0, 0, 1, 0, 1, 0, 0, 0, 1, 0, 0, 0, 0, 0, 0, 0, 1, 0, 1]","[0, 0, 0, 0, 0, 0, 0, 0, 0, 0, 0, 0, 0, 0, 0, 0, 0, 0, 0, 0, 0, 0, 0, 0, 0, 0, 0, 0, 0, 0, 0, 0]"
171,8,0,0.0,0.0,100.0,1,[8],[0]
172,0,0,0.0,0.0,0.0,0,[],[]
173,0,0,0.0,0.0,0.0,0,[],[]
174,10,0,0.0,90.0,10.0,32,"[0, 0, 0, 0, 0, 0, 1, 0, 0, 0, 0, 2, 0, 0, 2, 0, 1, 0, 0, 0, 0, 0, 0, 0, 0, 1, 0, 0, 0, 0, 2, 1]","[0, 0, 0, 0, 0, 0, 0, 0, 0, 0, 0, 0, 0, 0, 0, 0, 0, 0, 0, 0, 0, 0, 0, 0, 0, 0, 0, 0, 0, 0, 0, 0]"
175,0,0,0.0,0.0,0.0,0,[],[]
176,0,0,0.0,0.0,0.0,0,[],[]
177,0,0,0.0,0.0,0.0,0,[],[]
178,11,0,0.0,63.63636363636363,36.36363636363637,64,"[1, 0, 1, 0, 0, 0, 0, 0, 0, 0, 1, 1, 0, 0, 0, 0, 0, 0, 0, 0, 0, 0, 0, 0, 0, 0, 0, 1, 1, 0, 0, 0, 0, 0, 0, 0, 0, 0, 0, 0, 0, 0, 0, 2, 1, 0, 1, 0, 0, 0, 0, 0, 0, 1, 0, 0, 0, 0, 0, 0, 0, 0, 0, 0]","[0, 0, 0, 0, 0, 0, 0, 0, 0, 0, 0, 0, 0, 0, 0, 0, 0, 0, 0, 0, 0, 0, 0, 0, 0, 0, 0, 0, 0, 0, 0, 0, 0, 0, 0, 0, 0, 0, 0, 0, 0, 0, 0, 0, 0, 0, 0, 0, 0, 0, 0, 0, 0, 0, 0, 0, 0, 0, 0, 0, 0, 0, 0, 0]"
179,9,0,0.0,77.77777777777777,22.22222222222222,64,"[1, 0, 0, 1, 0, 0, 0, 0, 0, 0, 0, 0, 0, 0, 1, 0, 0, 0, 0, 0, 0, 0, 1, 0, 0, 0, 0, 0, 1, 0, 0, 0, 1, 0, 0, 0, 0, 0, 0, 0, 1, 0, 0, 0, 0, 0, 1, 0, 0, 0, 0, 0, 0, 0, 0, 0, 0, 0, 0, 1, 0, 0, 0, 0]","[0, 0, 0, 0, 0, 0, 0, 0, 0, 0, 0, 0, 0, 0, 0, 0, 0, 0, 0, 0, 0, 0, 0, 0, 0, 0, 0, 0, 0, 0, 0, 0, 0, 0, 0, 0, 0, 0, 0, 0, 0, 0, 0, 0, 0, 0, 0, 0, 0, 0, 0, 0, 0, 0, 0, 0, 0, 0, 0, 0, 0, 0, 0, 0]"
180,0,0,0.0,0.0,0.0,0,[],[]
181,0,0,0.0,0.0,0.0,0,[],[]
182,0,0,0.0,0.0,0.0,0,[],[]
183,0,0,0.0,0.0,0.0,0,[],[]
184,0,0,0.0,0.0,0.0,0,[],[]
185,0,0,0.0,0.0,0.0,0,[],[]
186,0,0,0.0,0.0,0.0,0,[],[]
187,0,0,0.0,0.0,0.0,0,[],[]
188,9,0,0.0,0.0,100.0,64,"[0, 0, 0, 0, 1, 1, 0, 0, 0, 1, 0, 0, 0, 0, 0, 0, 0, 0, 0, 0, 0, 0, 0, 0, 0, 1, 0, 0, 0, 1, 0, 0, 0, 0, 0, 0, 0, 0, 0, 0, 0, 0, 0, 0, 0, 0, 0, 1, 0, 1, 1, 0, 0, 1, 0, 0, 0, 0, 0, 0, 0, 0, 0, 0]","[0, 0, 0, 0, 0, 0, 0, 0, 0, 0, 0, 0, 0, 0, 0, 0, 0, 0, 0, 0, 0, 0, 0, 0, 0, 0, 0, 0, 0, 0, 0, 0, 0, 0, 0, 0, 0, 0, 0, 0, 0, 0, 0, 0, 0, 0, 0, 0, 0, 0, 0, 0, 0, 0, 0, 0, 0, 0, 0, 0, 0, 0, 0, 0]"
189,9,0,0.0,0.0,100.0,64,"[0, 0, 0, 0, 0, 0, 0, 0, 0, 1, 0, 0, 0, 0, 0, 0, 0, 0, 0, 0, 0, 0, 0, 0, 1, 0, 1, 0, 0, 0, 0, 0, 0, 0, 0, 0, 0, 0, 0, 1, 0, 0, 0, 1, 0, 0, 1, 0, 0, 0, 0, 0, 0, 1, 0, 0, 0, 0, 1, 0, 0, 1, 0, 0]","[0, 0, 0, 0, 0, 0, 0, 0, 0, 0, 0, 0, 0, 0, 0, 0, 0, 0, 0, 0, 0, 0, 0, 0, 0, 0, 0, 0, 0, 0, 0, 0, 0, 0, 0, 0, 0, 0, 0, 0, 0, 0, 0, 0, 0, 0, 0, 0, 0, 0, 0, 0, 0, 0, 0, 0, 0, 0, 0, 0, 0, 0, 0, 0]"
190,0,0,0.0,0.0,0.0,0,[],[]
191,0,0,0.0,0.0,0.0,0,[],[]
192,9,0,0.0,0.0,100.0,64,"[0, 0, 0, 0, 0, 0, 0, 3, 1, 0, 0, 0, 0, 0, 0, 1, 0, 1, 0, 0, 0, 0, 0, 0, 0, 0, 0, 0, 0, 0, 0, 0, 0, 0, 0, 0, 0, 0, 1, 0, 0, 0, 0, 0, 0, 0, 0, 0, 0, 0, 0, 0, 0, 0, 0, 1, 0, 0, 0, 0, 0, 0, 0, 1]","[0, 0, 0, 0, 0, 0, 0, 0, 0, 0, 0, 0, 0, 0, 0, 0, 0, 0, 0, 0, 0, 0, 0, 0, 0, 0, 0, 0, 0, 0, 0, 0, 0, 0, 0, 0, 0, 0, 0, 0, 0, 0, 0, 0, 0, 0, 0, 0, 0, 0, 0, 0, 0, 0, 0, 0, 0, 0, 0, 0, 0, 0, 0, 0]"
193,0,0,0.0,0.0,0.0,0,[],[]
194,8,0,0.0,0.0,100.0,64,"[0, 0, 0, 0, 0, 0, 0, 0, 0, 1, 0, 0, 0, 0, 0, 0, 0, 0, 0, 0, 0, 0, 0, 0, 0, 0, 0, 0, 0, 0, 0, 0, 1, 1, 0, 0, 0, 0, 0, 0, 1, 1, 0, 0, 0, 0, 0, 0, 0, 0, 1, 0, 0, 0, 1, 0, 1, 0, 0, 0, 0, 0, 0, 0]","[0, 0, 0, 0, 0, 0, 0, 0, 0, 0, 0, 0, 0, 0, 0, 0, 0, 0, 0, 0, 0, 0, 0, 0, 0, 0, 0, 0, 0, 0, 0, 0, 0, 0, 0, 0, 0, 0, 0, 0, 0, 0, 0, 0, 0, 0, 0, 0, 0, 0, 0, 0, 0, 0, 0, 0, 0, 0, 0, 0, 0, 0, 0, 0]"
195,0,0,0.0,0.0,0.0,0,[],[]
196,0,0,0.0,0.0,0.0,0,[],[]
197,0,0,0.0,0.0,0.0,0,[],[]
198,0,0,0.0,0.0,0.0,0,[],[]
199,8,0,0.0,25.0,75.0,32,"[0, 0, 0, 0, 0, 1, 0, 0, 0, 1, 1, 1, 1, 1, 0, 0, 0, 1, 0, 0, 1, 0, 0, 0, 0, 0, 0, 0, 0, 0, 0, 0]","[0, 0, 0, 0, 0, 0, 0, 0, 0, 0, 0, 0, 0, 0, 0, 0, 0, 0, 0, 0, 0, 0, 0, 0, 0, 0, 0, 0, 0, 0, 0, 0]"
200,0,0,0.0,0.0,0.0,0,[],[]
201,0,0,0.0,0.0,0.0,0,[],[]
202,11,1,9.090909090909092,81.81818181818181,9.090909090909092,64,"[0, 1, 0, 0, 0, 1, 0, 0, 0, 0, 0, 0, 0, 0, 0, 0, 0, 0, 0, 0, 0, 0, 0, 0, 0, 0, 0, 0, 0, 0, 0, 0, 1, 1, 0, 0, 0, 1, 0, 0, 0, 0, 1, 0, 1, 0, 0, 0, 0, 0, 1, 0, 0, 0, 1, 0, 0, 1, 1, 0, 0, 0, 0, 0]","[0, 1, 0, 0, 0, 0, 0, 0, 0, 0, 0, 0, 0, 0, 0, 0, 0, 0, 0, 0, 0, 0, 0, 0, 0, 0, 0, 0, 0, 0, 0, 0, 0, 0, 0, 0, 0, 0, 0, 0, 0, 0, 0, 0, 0, 0, 0, 0, 0, 0, 0, 0, 0, 0, 0, 0, 0, 0, 0, 0, 0, 0, 0, 0]"
203,0,0,0.0,0.0,0.0,0,[],[]
204,0,0,0.0,0.0,0.0,0,[],[]
205,11,0,0.0,9.090909090909092,90.9090909090909,32,"[0, 0, 0, 1, 0, 0, 0, 0, 3, 0, 0, 0, 2, 0, 0, 2, 0, 0, 1, 0, 0, 1, 0, 0, 0, 0, 0, 0, 0, 0, 0, 1]","[0, 0, 0, 0, 0, 0, 0, 0, 0, 0, 0, 0, 0, 0, 0, 0, 0, 0, 0, 0, 0, 0, 0, 0, 0, 0, 0, 0, 0, 0, 0, 0]"
206,10,0,0.0,0.0,100.0,32,"[0, 1, 1, 1, 0, 0, 0, 0, 1, 1, 0, 0, 1, 0, 0, 0, 0, 0, 1, 0, 0, 1, 0, 0, 0, 1, 0, 0, 1, 0, 0, 0]","[0, 0, 0, 0, 0, 0, 0, 0, 0, 0, 0, 0, 0, 0, 0, 0, 0, 0, 0, 0, 0, 0, 0, 0, 0, 0, 0, 0, 0, 0, 0, 0]"
207,0,0,0.0,0.0,0.0,0,[],[]
208,0,0,0.0,0.0,0.0,0,[],[]
209,0,0,0.0,0.0,0.0,0,[],[]
210,0,0,0.0,0.0,0.0,0,[],[]
211,8,0,0.0,0.0,100.0,32,"[0, 0, 1, 0, 0, 0, 0, 0, 0, 0, 0, 0, 0, 0, 1, 0, 0, 1, 1, 1, 0, 0, 0, 0, 0, 0, 0, 2, 0, 0, 0, 1]","[0, 0, 0, 0, 0, 0, 0, 0, 0, 0, 0, 0, 0, 0, 0, 0, 0, 0, 0, 0, 0, 0, 0, 0, 0, 0, 0, 0, 0, 0, 0, 0]"
212,8,1,12.5,0.0,87.5,32,"[1, 1, 0, 0, 1, 0, 0, 0, 0, 0, 1, 0, 0, 0, 0, 0, 1, 0, 0, 0, 1, 0, 0, 0, 0, 0, 0, 0, 0, 0, 0, 2]","[0, 0, 0, 0, 0, 0, 0, 0, 0, 0, 1, 0, 0, 0, 0, 0, 0, 0, 0, 0, 0, 0, 0, 0, 0, 0, 0, 0, 0, 0, 0, 0]"
213,0,0,0.0,0.0,0.0,0,[],[]
214,0,0,0.0,0.0,0.0,0,[],[]
215,0,0,0.0,0.0,0.0,0,[],[]
216,0,0,0.0,0.0,0.0,0,[],[]
217,0,0,0.0,0.0,0.0,0,[],[]
218,0,0,0.0,0.0,0.0,0,[],[]
219,41,0,0.0,0.0,100.0,32,"[2, 2, 2, 4, 1, 3, 1, 1, 0, 1, 1, 3, 1, 0, 1, 1, 1, 0, 0, 3, 1, 0, 0, 0, 0, 0, 0, 2, 1, 2, 4, 3]","[0, 0, 0, 0, 0, 0, 0, 0, 0, 0, 0, 0, 0, 0, 0, 0, 0, 0, 0, 0, 0, 0, 0, 0, 0, 0, 0, 0, 0, 0, 0, 0]"
220,38,0,0.0,15.789473684210526,84.21052631578948,32,"[0, 1, 0, 0, 0, 0, 0, 2, 2, 1, 1, 0, 1, 3, 1, 1, 1, 1, 2, 3, 2, 1, 2, 2, 2, 4, 1, 1, 3, 0, 0, 0]","[0, 0, 0, 0, 0, 0, 0, 0, 0, 0, 0, 0, 0, 0, 0, 0, 0, 0, 0, 0, 0, 0, 0, 0, 0, 0, 0, 0, 0, 0, 0, 0]"
221,41,0,0.0,19.51219512195122,80.48780487804878,1,[41],[0]
222,0,0,0.0,0.0,0.0,0,[],[]
223,37,0,0.0,64.86486486486487,35.13513513513514,32,"[3, 1, 1, 1, 1, 0, 0, 1, 2, 1, 2, 0, 1, 2, 1, 2, 1, 1, 0, 0, 1, 1, 0, 1, 3, 3, 1, 2, 1, 0, 1, 2]","[0, 0, 0, 0, 0, 0, 0, 0, 0, 0, 0, 0, 0, 0, 0, 0, 0, 0, 0, 0, 0, 0, 0, 0, 0, 0, 0, 0, 0, 0, 0, 0]"
224,28,0,0.0,57.142857142857146,42.857142857142854,64,"[0, 0, 0, 1, 0, 3, 2, 0, 0, 1, 0, 0, 0, 0, 1, 0, 0, 0, 0, 0, 0, 0, 0, 0, 1, 0, 0, 0, 1, 0, 0, 0, 0, 1, 0, 1, 0, 1, 0, 1, 0, 2, 1, 0, 0, 1, 0, 0, 0, 0, 0, 1, 1, 1, 0, 1, 1, 0, 1, 0, 1, 2, 1, 0]","[0, 0, 0, 0, 0, 0, 0, 0, 0, 0, 0, 0, 0, 0, 0, 0, 0, 0, 0, 0, 0, 0, 0, 0, 0, 0, 0, 0, 0, 0, 0, 0, 0, 0, 0, 0, 0, 0, 0, 0, 0, 0, 0, 0, 0, 0, 0, 0, 0, 0, 0, 0, 0, 0, 0, 0, 0, 0, 0, 0, 0, 0, 0, 0]"
225,39,0,0.0,74.35897435897436,25.641025641025642,64,"[1, 1, 0, 1, 1, 0, 0, 1, 0, 0, 1, 1, 0, 0, 0, 2, 1, 2, 0, 0, 0, 2, 2, 0, 0, 0, 0, 0, 0, 1, 1, 1, 1, 0, 1, 0, 0, 1, 0, 0, 1, 0, 0, 0, 1, 2, 1, 0, 0, 1, 2, 1, 0, 1, 1, 0, 1, 0, 2, 2, 0, 0, 0, 1]","[0, 0, 0, 0, 0, 0, 0, 0, 0, 0, 0, 0, 0, 0, 0, 0, 0, 0, 0, 0, 0, 0, 0, 0, 0, 0, 0, 0, 0, 0, 0, 0, 0, 0, 0, 0, 0, 0, 0, 0, 0, 0, 0, 0, 0, 0, 0, 0, 0, 0, 0, 0, 0, 0, 0, 0, 0, 0, 0, 0, 0, 0, 0, 0]"
226,41,0,0.0,60.97560975609756,39.02439024390244,64,"[1, 0, 1, 1, 3, 0, 1, 1, 2, 1, 2, 0, 0, 1, 0, 1, 1, 0, 0, 0, 1, 1, 1, 0, 0, 0, 0, 0, 0, 0, 0, 0, 0, 0, 0, 0, 1, 2, 1, 1, 0, 1, 1, 1, 0, 1, 0, 0, 1, 0, 0, 1, 1, 1, 0, 0, 1, 0, 2, 1, 2, 1, 1, 1]","[0, 0, 0, 0, 0, 0, 0, 0, 0, 0, 0, 0, 0, 0, 0, 0, 0, 0, 0, 0, 0, 0, 0, 0, 0, 0, 0, 0, 0, 0, 0, 0, 0, 0, 0, 0, 0, 0, 0, 0, 0, 0, 0, 0, 0, 0, 0, 0, 0, 0, 0, 0, 0, 0, 0, 0, 0, 0, 0, 0, 0, 0, 0, 0]"
227,33,0,0.0,69.6969696969697,30.303030303030305,64,"[1, 1, 0, 1, 0, 0, 1, 0, 2, 0, 1, 0, 0, 0, 0, 1, 2, 0, 0, 0, 0, 2, 0, 0, 1, 0, 0, 1, 0, 1, 2, 1, 0, 1, 0, 1, 0, 1, 2, 1, 2, 0, 0, 2, 0, 0, 0, 0, 0, 0, 0, 1, 0, 0, 0, 0, 0, 0, 1, 1, 0, 1, 1, 0]","[0, 0, 0, 0, 0, 0, 0, 0, 0, 0, 0, 0, 0, 0, 0, 0, 0, 0, 0, 0, 0, 0, 0, 0, 0, 0, 0, 0, 0, 0, 0, 0, 0, 0, 0, 0, 0, 0, 0, 0, 0, 0, 0, 0, 0, 0, 0, 0, 0, 0, 0, 0, 0, 0, 0, 0, 0, 0, 0, 0, 0, 0, 0, 0]"
228,28,0,0.0,0.0,100.0,64,"[0, 1, 0, 0, 0, 0, 0, 0, 0, 2, 1, 0, 0, 0, 0, 0, 1, 1, 0, 1, 0, 0, 0, 0, 0, 0, 1, 0, 0, 2, 0, 0, 1, 0, 0, 0, 0, 1, 0, 0, 1, 0, 0, 0, 1, 1, 1, 1, 1, 2, 0, 2, 0, 2, 0, 1, 0, 1, 0, 0, 0, 1, 0, 1]","[0, 0, 0, 0, 0, 0, 0, 0, 0, 0, 0, 0, 0, 0, 0, 0, 0, 0, 0, 0, 0, 0, 0, 0, 0, 0, 0, 0, 0, 0, 0, 0, 0, 0, 0, 0, 0, 0, 0, 0, 0, 0, 0, 0, 0, 0, 0, 0, 0, 0, 0, 0, 0, 0, 0, 0, 0, 0, 0, 0, 0, 0, 0, 0]"
229,39,0,0.0,0.0,100.0,64,"[0, 0, 0, 0, 0, 2, 1, 1, 0, 0, 0, 0, 1, 0, 0, 0, 1, 0, 1, 0, 0, 0, 0, 0, 2, 0, 1, 1, 1, 0, 0, 0, 1, 1, 2, 1, 0, 0, 1, 3, 3, 0, 1, 0, 0, 1, 1, 0, 1, 1, 3, 0, 1, 0, 2, 1, 0, 1, 0, 1, 0, 1, 0, 0]","[0, 0, 0, 0, 0, 0, 0, 0, 0, 0, 0, 0, 0, 0, 0, 0, 0, 0, 0, 0, 0, 0, 0, 0, 0, 0, 0, 0, 0, 0, 0, 0, 0, 0, 0, 0, 0, 0, 0, 0, 0, 0, 0, 0, 0, 0, 0, 0, 0, 0, 0, 0, 0, 0, 0, 0, 0, 0, 0, 0, 0, 0, 0, 0]"
230,32,0,0.0,0.0,100.0,1,[32],[0]
231,0,0,0.0,0.0,0.0,0,[],[]
232,9,0,0.0,44.44444444444444,55.55555555555556,32,"[1, 1, 1, 0, 1, 0, 0, 0, 1, 0, 0, 0, 0, 0, 0, 1, 1, 0, 0, 0, 0, 0, 0, 0, 0, 0, 1, 0, 0, 0, 1, 0]","[0, 0, 0, 0, 0, 0, 0, 0, 0, 0, 0, 0, 0, 0, 0, 0, 0, 0, 0, 0, 0, 0, 0, 0, 0, 0, 0, 0, 0, 0, 0, 0]"
233,21,0,0.0,57.142857142857146,42.857142857142854,64,"[1, 0, 0, 0, 0, 0, 0, 2, 0, 0, 0, 0, 0, 1, 0, 0, 0, 0, 0, 0, 1, 0, 1, 0, 0, 0, 0, 0, 0, 0, 0, 0, 0, 1, 1, 0, 0, 0, 0, 1, 0, 0, 0, 1, 0, 1, 0, 0, 0, 0, 1, 1, 1, 0, 0, 1, 0, 0, 3, 0, 1, 2, 0, 0]","[0, 0, 0, 0, 0, 0, 0, 0, 0, 0, 0, 0, 0, 0, 0, 0, 0, 0, 0, 0, 0, 0, 0, 0, 0, 0, 0, 0, 0, 0, 0, 0, 0, 0, 0, 0, 0, 0, 0, 0, 0, 0, 0, 0, 0, 0, 0, 0, 0, 0, 0, 0, 0, 0, 0, 0, 0, 0, 0, 0, 0, 0, 0, 0]"
234,16,0,0.0,87.5,12.5,64,"[0, 0, 0, 0, 0, 0, 0, 0, 0, 0, 0, 0, 0, 1, 0, 1, 0, 1, 1, 0, 0, 0, 1, 0, 0, 1, 0, 0, 0, 0, 0, 0, 0, 1, 1, 0, 0, 1, 1, 0, 0, 0, 1, 0, 0, 0, 0, 1, 0, 0, 0, 0, 1, 0, 0, 0, 0, 1, 1, 0, 0, 1, 0, 0]","[0, 0, 0, 0, 0, 0, 0, 0, 0, 0, 0, 0, 0, 0, 0, 0, 0, 0, 0, 0, 0, 0, 0, 0, 0, 0, 0, 0, 0, 0, 0, 0, 0, 0, 0, 0, 0, 0, 0, 0, 0, 0, 0, 0, 0, 0, 0, 0, 0, 0, 0, 0, 0, 0, 0, 0, 0, 0, 0, 0, 0, 0, 0, 0]"
235,15,0,0.0,66.66666666666667,33.333333333333336,64,"[1, 0, 0, 0, 0, 1, 0, 1, 0, 0, 0, 0, 0, 1, 0, 0, 1, 0, 0, 1, 0, 1, 0, 1, 0, 0, 0, 0, 0, 0, 0, 0, 0, 0, 1, 1, 0, 0, 0, 0, 0, 0, 0, 1, 0, 0, 0, 0, 0, 1, 0, 0, 1, 0, 0, 0, 1, 0, 0, 0, 0, 0, 1, 0]","[0, 0, 0, 0, 0, 0, 0, 0, 0, 0, 0, 0, 0, 0, 0, 0, 0, 0, 0, 0, 0, 0, 0, 0, 0, 0, 0, 0, 0, 0, 0, 0, 0, 0, 0, 0, 0, 0, 0, 0, 0, 0, 0, 0, 0, 0, 0, 0, 0, 0, 0, 0, 0, 0, 0, 0, 0, 0, 0, 0, 0, 0, 0, 0]"
236,14,0,0.0,64.28571428571429,35.714285714285715,64,"[0, 1, 0, 0, 0, 0, 0, 0, 2, 0, 1, 1, 0, 0, 0, 0, 0, 0, 1, 0, 0, 0, 0, 0, 0, 0, 0, 0, 0, 0, 1, 0, 0, 0, 0, 1, 0, 0, 0, 0, 0, 0, 0, 1, 0, 0, 0, 0, 0, 0, 0, 2, 0, 0, 1, 0, 0, 0, 2, 0, 0, 0, 0, 0]","[0, 0, 0, 0, 0, 0, 0, 0, 0, 0, 0, 0, 0, 0, 0, 0, 0, 0, 0, 0, 0, 0, 0, 0, 0, 0, 0, 0, 0, 0, 0, 0, 0, 0, 0, 0, 0, 0, 0, 0, 0, 0, 0, 0, 0, 0, 0, 0, 0, 0, 0, 0, 0, 0, 0, 0, 0, 0, 0, 0, 0, 0, 0, 0]"
237,13,0,0.0,0.0,100.0,64,"[0, 0, 0, 0, 1, 0, 0, 0, 0, 0, 1, 0, 0, 0, 0, 0, 0, 0, 0, 0, 0, 1, 0, 0, 0, 0, 1, 0, 1, 0, 2, 0, 0, 0, 0, 1, 0, 0, 0, 0, 0, 0, 0, 0, 0, 0, 0, 0, 0, 0, 0, 0, 0, 0, 0, 0, 0, 1, 1, 0, 1, 2, 0, 0]","[0, 0, 0, 0, 0, 0, 0, 0, 0, 0, 0, 0, 0, 0, 0, 0, 0, 0, 0, 0, 0, 0, 0, 0, 0, 0, 0, 0, 0, 0, 0, 0, 0, 0, 0, 0, 0, 0, 0, 0, 0, 0, 0, 0, 0, 0, 0, 0, 0, 0, 0, 0, 0, 0, 0, 0, 0, 0, 0, 0, 0, 0, 0, 0]"
238,0,0,0.0,0.0,0.0,0,[],[]
239,11,0,0.0,27.272727272727273,72.72727272727273,32,"[0, 0, 0, 1, 0, 1, 0, 1, 0, 0, 0, 0, 0, 1, 0, 0, 1, 0, 0, 1, 1, 0, 1, 1, 1, 0, 0, 0, 1, 0, 0, 0]","[0, 0, 0, 0, 0, 0, 0, 0, 0, 0, 0, 0, 0, 0, 0, 0, 0, 0, 0, 0, 0, 0, 0, 0, 0, 0, 0, 0, 0, 0, 0, 0]"
240,0,0,0.0,0.0,0.0,0,[],[]
241,0,0,0.0,0.0,0.0,0,[],[]
242,0,0,0.0,0.0,0.0,0,[],[]
243,33,0,0.0,6.0606060606060606,93.93939393939394,32,"[4, 3, 0, 0, 2, 0, 1, 1, 0, 0, 1, 0, 0, 0, 0, 1, 1, 0, 0, 1, 1, 1, 2, 0, 1, 5, 1, 1, 2, 1, 1, 2]","[0, 0, 0, 0, 0, 0, 0, 0, 0, 0, 0, 0, 0, 0, 0, 0, 0, 0, 0, 0, 0, 0, 0, 0, 0, 0, 0, 0, 0, 0, 0, 0]"
244,25,0,0.0,0.0,100.0,32,"[0, 1, 1, 1, 1, 0, 1, 1, 1, 0, 0, 1, 1, 0, 1, 0, 0, 2, 2, 0, 2, 0, 0, 0, 1, 1, 0, 4, 1, 1, 1, 0]","[0, 0, 0, 0, 0, 0, 0, 0, 0, 0, 0, 0, 0, 0, 0, 0, 0, 0, 0, 0, 0, 0, 0, 0, 0, 0, 0, 0, 0, 0, 0, 0]"
245,0,0,0.0,0.0,0.0,0,[],[]
246,0,0,0.0,0.0,0.0,0,[],[]
247,0,0,0.0,0.0,0.0,0,[],[]
248,0,0,0.0,0.0,0.0,0,[],[]
249,10,0,0.0,80.0,20.0,64,"[1, 0, 0, 0, 0, 0, 0, 0, 0, 0, 0, 0, 0, 0, 0, 0, 1, 0, 0, 0, 0, 0, 0, 0, 0, 0, 0, 0, 0, 0, 0, 0, 1, 1, 0, 1, 0, 0, 0, 0, 0, 0, 0, 0, 0, 1, 0, 1, 1, 2, 0, 0, 0, 0, 0, 0, 0, 0, 0, 0, 0, 0, 0, 0]","[0, 0, 0, 0, 0, 0, 0, 0, 0, 0, 0, 0, 0, 0, 0, 0, 0, 0, 0, 0, 0, 0, 0, 0, 0, 0, 0, 0, 0, 0, 0, 0, 0, 0, 0, 0, 0, 0, 0, 0, 0, 0, 0, 0, 0, 0, 0, 0, 0, 0, 0, 0, 0, 0, 0, 0, 0, 0, 0, 0, 0, 0, 0, 0]"
250,0,0,0.0,0.0,0.0,0,[],[]
251,0,0,0.0,0.0,0.0,0,[],[]
252,0,0,0.0,0.0,0.0,0,[],[]
253,11,0,0.0,63.63636363636363,36.36363636363637,64,"[0, 0, 0, 1, 0, 0, 0, 0, 1, 1, 0, 0, 0, 0, 0, 0, 0, 0, 0, 0, 0, 0, 0, 0, 1, 0, 0, 0, 1, 0, 0, 1, 0, 1, 1, 0, 0, 0, 0, 0, 0, 0, 0, 0, 0, 0, 0, 0, 0, 1, 0, 1, 0, 0, 0, 0, 0, 0, 0, 1, 0, 0, 0, 0]","[0, 0, 0, 0, 0, 0, 0, 0, 0, 0, 0, 0, 0, 0, 0, 0, 0, 0, 0, 0, 0, 0, 0, 0, 0, 0, 0, 0, 0, 0, 0, 0, 0, 0, 0, 0, 0, 0, 0, 0, 0, 0, 0, 0, 0, 0, 0, 0, 0, 0, 0, 0, 0, 0, 0, 0, 0, 0, 0, 0, 0, 0, 0, 0]"
254,11,0,0.0,90.9090909090909,9.090909090909092,64,"[0, 0, 0, 0, 0, 0, 0, 0, 0, 0, 0, 0, 1, 0, 0, 0, 0, 0, 0, 0, 1, 0, 0, 0, 1, 0, 1, 0, 0, 0, 1, 0, 0, 0, 0, 0, 0, 0, 0, 0, 1, 0, 2, 0, 0, 1, 0, 0, 0, 0, 0, 0, 0, 0, 0, 0, 0, 0, 0, 1, 0, 0, 1, 0]","[0, 0, 0, 0, 0, 0, 0, 0, 0, 0, 0, 0, 0, 0, 0, 0, 0, 0, 0, 0, 0, 0, 0, 0, 0, 0, 0, 0, 0, 0, 0, 0, 0, 0, 0, 0, 0, 0, 0, 0, 0, 0, 0, 0, 0, 0, 0, 0, 0, 0, 0, 0, 0, 0, 0, 0, 0, 0, 0, 0, 0, 0, 0, 0]"
255,0,0,0.0,0.0,0.0,0,[],[]
256,8,0,0.0,75.0,25.0,64,"[0, 0, 0, 0, 0, 0, 0, 0, 0, 0, 1, 0, 0, 1, 0, 0, 0, 0, 0, 0, 1, 0, 0, 1, 0, 0, 0, 0, 0, 0, 0, 0, 0, 0, 0, 0, 0, 0, 0, 0, 0, 0, 0, 0, 0, 0, 0, 2, 0, 0, 0, 0, 1, 0, 0, 0, 1, 0, 0, 0, 0, 0, 0, 0]","[0, 0, 0, 0, 0, 0, 0, 0, 0, 0, 0, 0, 0, 0, 0, 0, 0, 0, 0, 0, 0, 0, 0, 0, 0, 0, 0, 0, 0, 0, 0, 0, 0, 0, 0, 0, 0, 0, 0, 0, 0, 0, 0, 0, 0, 0, 0, 0, 0, 0, 0, 0, 0, 0, 0, 0, 0, 0, 0, 0, 0, 0, 0, 0]"
257,0,0,0.0,0.0,0.0,0,[],[]
258,0,0,0.0,0.0,0.0,0,[],[]
259,0,0,0.0,0.0,0.0,0,[],[]
260,0,0,0.0,0.0,0.0,0,[],[]
261,0,0,0.0,0.0,0.0,0,[],[]
262,0,0,0.0,0.0,0.0,0,[],[]
263,0,0,0.0,0.0,0.0,0,[],[]
264,0,0,0.0,0.0,0.0,0,[],[]
265,0,0,0.0,0.0,0.0,0,[],[]
266,0,0,0.0,0.0,0.0,0,[],[]
267,0,0,0.0,0.0,0.0,0,[],[]
268,0,0,0.0,0.0,0.0,0,[],[]
269,0,0,0.0,0.0,0.0,0,[],[]
270,0,0,0.0,0.0,0.0,0,[],[]
271,0,0,0.0,0.0,0.0,0,[],[]
272,0,0,0.0,0.0,0.0,0,[],[]
273,0,0,0.0,0.0,0.0,0,[],[]
274,0,0,0.0,0.0,0.0,0,[],[]
275,0,0,0.0,0.0,0.0,0,[],[]
276,0,0,0.0,0.0,0.0,0,[],[]
277,0,0,0.0,0.0,0.0,0,[],[]
278,0,0,0.0,0.0,0.0,0,[],[]
279,0,0,0.0,0.0,0.0,0,[],[]
280,0,0,0.0,0.0,0.0,0,[],[]
281,0,0,0.0,0.0,0.0,0,[],[]
282,0,0,0.0,0.0,0.0,0,[],[]
283,0,0,0.0,0.0,0.0,0,[],[]
284,0,0,0.0,0.0,0.0,0,[],[]
285,0,0,0.0,0.0,0.0,0,[],[]
286,0,0,0.0,0.0,0.0,0,[],[]
287,0,0,0.0,0.0,0.0,0,[],[]
288,0,0,0.0,0.0,0.0,0,[],[]
289,0,0,0.0,0.0,0.0,0,[],[]
290,0,0,0.0,0.0,0.0,0,[],[]
291,0,0,0.0,0.0,0.0,0,[],[]
292,9,0,0.0,11.11111111111111,88.88888888888889,32,"[1, 0, 0, 0, 0, 0, 0, 0, 0, 2, 0, 0, 1, 0, 1, 0, 0, 1, 0, 0, 0, 0, 0, 0, 0, 1, 0, 0, 1, 0, 0, 1]","[0, 0, 0, 0, 0, 0, 0, 0, 0, 0, 0, 0, 0, 0, 0, 0, 0, 0, 0, 0, 0, 0, 0, 0, 0, 0, 0, 0, 0, 0, 0, 0]"
293,0,0,0.0,0.0,0.0,0,[],[]
294,0,0,0.0,0.0,0.0,0,[],[]
295,0,0,0.0,0.0,0.0,0,[],[]
296,0,0,0.0,0.0,0.0,0,[],[]
297,0,0,0.0,0.0,0.0,0,[],[]
298,0,0,0.0,0.0,0.0,0,[],[]
299,0,0,0.0,0.0,0.0,0,[],[]
300,0,0,0.0,0.0,0.0,0,[],[]
301,0,0,0.0,0.0,0.0,0,[],[]
302,0,0,0.0,0.0,0.0,0,[],[]
303,0,0,0.0,0.0,0.0,0,[],[]
304,0,0,0.0,0.0,0.0,0,[],[]
305,0,0,0.0,0.0,0.0,0,[],[]
306,0,0,0.0,0.0,0.0,0,[],[]
307,0,0,0.0,0.0,0.0,0,[],[]
308,0,0,0.0,0.0,0.0,0,[],[]
309,0,0,0.0,0.0,0.0,0,[],[]
310,0,0,0.0,0.0,0.0,0,[],[]
311,0,0,0.0,0.0,0.0,0,[],[]
312,0,0,0.0,0.0,0.0,0,[],[]
313,0,0,0.0,0.0,0.0,0,[],[]
314,0,0,0.0,0.0,0.0,0,[],[]
315,0,0,0.0,0.0,0.0,0,[],[]
316,0,0,0.0,0.0,0.0,0,[],[]
317,0,0,0.0,0.0,0.0,0,[],[]
318,0,0,0.0,0.0,0.0,0,[],[]
319,0,0,0.0,0.0,0.0,0,[],[]
320,0,0,0.0,0.0,0.0,0,[],[]
321,0,0,0.0,0.0,0.0,0,[],[]
322,0,0,0.0,0.0,0.0,0,[],[]
323,0,0,0.0,0.0,0.0,0,[],[]
324,0,0,0.0,0.0,0.0,0,[],[]
325,0,0,0.0,0.0,0.0,0,[],[]
326,0,0,0.0,0.0,0.0,0,[],[]
327,0,0,0.0,0.0,0.0,0,[],[]
328,0,0,0.0,0.0,0.0,0,[],[]
329,0,0,0.0,0.0,0.0,0,[],[]
330,0,0,0.0,0.0,0.0,0,[],[]
331,0,0,0.0,0.0,0.0,0,[],[]
332,0,0,0.0,0.0,0.0,0,[],[]
333,0,0,0.0,0.0,0.0,0,[],[]
334,0,0,0.0,0.0,0.0,0,[],[]
335,0,0,0.0,0.0,0.0,0,[],[]
336,0,0,0.0,0.0,0.0,0,[],[]
337,0,0,0.0,0.0,0.0,0,[],[]
338,0,0,0.0,0.0,0.0,0,[],[]
339,0,0,0.0,0.0,0.0,0,[],[]
340,0,0,0.0,0.0,0.0,0,[],[]
341,0,0,0.0,0.0,0.0,0,[],[]
342,0,0,0.0,0.0,0.0,0,[],[]
343,0,0,0.0,0.0,0.0,0,[],[]
344,0,0,0.0,0.0,0.0,0,[],[]
345,0,0,0.0,0.0,0.0,0,[],[]
346,0,0,0.0,0.0,0.0,0,[],[]
347,0,0,0.0,0.0,0.0,0,[],[]
348,0,0,0.0,0.0,0.0,0,[],[]
349,0,0,0.0,0.0,0.0,0,[],[]
